3.000000000000038053e-02 0.000000000000000000e+00 0.000000000000000000e+00
9.000000000000214773e-02 0.000000000000000000e+00 0.000000000000000000e+00
1.500000000000028255e-01 0.000000000000000000e+00 0.000000000000000000e+00
2.100000000000014355e-01 0.000000000000000000e+00 0.000000000000000000e+00
2.700000000000032929e-01 0.000000000000000000e+00 0.000000000000000000e+00
3.300000000000006817e-01 0.000000000000000000e+00 0.000000000000000000e+00
3.899999999999910205e-01 0.000000000000000000e+00 0.000000000000000000e+00
4.499999999999924616e-01 0.000000000000000000e+00 0.000000000000000000e+00
5.099999999999937916e-01 0.000000000000000000e+00 0.000000000000000000e+00
5.699999999999998401e-01 0.000000000000000000e+00 0.000000000000000000e+00
6.299999999999961187e-01 0.000000000000000000e+00 0.000000000000000000e+00
6.900000000000124922e-01 0.000000000000000000e+00 0.000000000000000000e+00
7.500000000000000000e-01 0.000000000000000000e+00 0.000000000000000000e+00
8.099999999999811795e-01 0.000000000000000000e+00 0.000000000000000000e+00
8.700000000000041034e-01 0.000000000000000000e+00 0.000000000000000000e+00
9.299999999999807310e-01 0.000000000000000000e+00 0.000000000000000000e+00
9.900000000000076517e-01 0.000000000000000000e+00 0.000000000000000000e+00
1.049999999999980727e+00 0.000000000000000000e+00 0.000000000000000000e+00
1.110000000000002984e+00 0.000000000000000000e+00 0.000000000000000000e+00
1.169999999999993490e+00 0.000000000000000000e+00 0.000000000000000000e+00
1.230000000000013527e+00 0.000000000000000000e+00 0.000000000000000000e+00
1.289999999999981606e+00 0.000000000000000000e+00 0.000000000000000000e+00
1.349999999999990097e+00 0.000000000000000000e+00 0.000000000000000000e+00
1.410000000000014797e+00 0.000000000000000000e+00 0.000000000000000000e+00
1.470000000000022178e+00 0.000000000000000000e+00 0.000000000000000000e+00
1.529999999999977378e+00 0.000000000000000000e+00 0.000000000000000000e+00
1.589999999999977431e+00 0.000000000000000000e+00 0.000000000000000000e+00
1.650000000000024558e+00 0.000000000000000000e+00 0.000000000000000000e+00
1.710000000000022835e+00 0.000000000000000000e+00 0.000000000000000000e+00
1.769999999999985141e+00 0.000000000000000000e+00 0.000000000000000000e+00
1.829999999999977867e+00 0.000000000000000000e+00 0.000000000000000000e+00
1.890000000000039648e+00 0.000000000000000000e+00 0.000000000000000000e+00
1.950000000000031486e+00 0.000000000000000000e+00 0.000000000000000000e+00
2.009999999999991793e+00 0.000000000000000000e+00 0.000000000000000000e+00
2.069999999999981188e+00 0.000000000000000000e+00 0.000000000000000000e+00
2.130000000000054516e+00 0.000000000000000000e+00 0.000000000000000000e+00
2.190000000000041247e+00 1.239172827172827169e-04 3.699999999999999811e-05
2.250000000000000000e+00 5.165466133866130488e-03 1.665000000000002632e-03
2.309999999999958309e+00 9.678737312687342442e-02 3.381802787212807165e-02
2.369999999999939710e+00 7.409358781218763346e-01 2.929107647352662824e-01
2.429999999999991722e+00 2.723835174825165684e+00 1.294224210789210350e+00
2.489999999999967795e+00 5.716053226773219365e+00 3.500555014985013980e+00
2.550000000000010036e+00 7.344142617382624749e+00 6.473563466533463817e+00
2.609999999999992770e+00 6.289110919080909134e+00 9.140692757242742772e+00
2.670000000000037677e+00 3.834075484515471643e+00 1.084228991008989773e+01
2.730000000000015969e+00 1.713604637362638350e+00 1.163736053946054838e+01
2.789999999999972058e+00 5.599681378621410577e-01 1.190872027972028135e+01
2.849999999999947686e+00 1.445502648351647546e-01 1.198182417582412285e+01
2.909999999999981490e+00 2.888122727272725287e-02 1.199704285714284424e+01
2.969999999999954010e+00 4.783853346653342553e-03 1.199966733266733065e+01
3.030000000000049099e+00 4.855219780219780087e-04 1.199994455544455541e+01
3.090000000000025615e+00 9.337012987012987728e-05 1.200000000000000000e+01
3.150000000000055866e+00 3.294395604395604295e-04 1.200020329670329744e+01
3.210000000000029274e+00 3.085875724275726709e-03 1.200218081918082902e+01
3.269999999999983586e+00 1.278404125874120847e-02 1.201068511488515789e+01
3.329999999999955218e+00 5.161473816183833468e-02 1.204632347652346525e+01
3.389999999999976144e+00 1.703313023976021912e-01 1.216818061938063522e+01
3.449999999999944666e+00 4.395709830169859944e-01 1.249389570429570284e+01
3.510000000000085940e+00 8.694841888111887185e-01 1.316076383616384327e+01
3.570000000000058016e+00 1.321180228771227982e+00 1.420901418581418696e+01
3.630000000000076721e+00 1.525788328671324523e+00 1.546063356643356101e+01
3.690000000000046576e+00 1.345710527472522511e+00 1.660132277722279071e+01
3.750000000000000000e+00 8.920345244755275571e-01 1.738224885114887641e+01
3.809999999999952980e+00 4.414974005994001249e-01 1.778122057942057666e+01
3.869999999999921059e+00 1.694114276723271972e-01 1.793916883116884620e+01
3.929999999999932658e+00 4.916033816183842942e-02 1.798644845154845484e+01
3.989999999999898073e+00 1.136791888111894633e-02 1.799770819180820425e+01
4.050000000000073541e+00 6.902792607392644469e-03 1.800475024975024141e+01
4.110000000000039400e+00 3.240526703296724848e-02 1.803882837162834818e+01
4.170000000000049667e+00 1.563889547452549378e-01 1.820812287712287514e+01
4.230000000000002203e+00 5.660164555444545664e-01 1.883860669330668358e+01
4.289999999999968949e+00 1.501846415584417338e+00 2.055929270729270186e+01
4.349999999999961453e+00 2.873709290709285380e+00 2.394448231768231139e+01
4.409999999999938858e+00 4.033037542457550195e+00 2.882730279720282240e+01
4.469999999999941132e+00 4.177071278721279590e+00 3.402305034965036867e+01
4.530000000000055316e+00 3.202143216783215784e+00 3.811375534465533121e+01
4.590000000000064695e+00 1.820360589410592089e+00 4.050125774225775643e+01
4.650000000000012790e+00 7.752718421578408403e-01 4.154482577422574963e+01
4.710000000000031051e+00 2.529401535464531059e-01 4.189414335664345401e+01
4.770000000000047535e+00 6.569658681318699123e-02 4.198720249750277134e+01
4.829999999999947669e+00 3.625371508491492811e-02 4.203984515484474827e+01
4.890000000000018332e+00 1.154170178821183751e-01 4.221165544455531204e+01
4.949999999999906031e+00 3.644569220779225738e-01 4.276758511488510806e+01
5.010000000000125908e+00 8.235504255744274804e-01 4.405442727272723147e+01
5.070000000000001172e+00 1.339830759240756564e+00 4.619843126873125527e+01
5.130000000000086047e+00 1.608266163836166163e+00 4.883325924075926849e+01
5.189999999999952429e+00 1.421164925074928975e+00 5.121634135864136539e+01
5.250000000000000000e+00 9.253434485514462349e-01 5.280408551448554277e+01
5.310000000000054676e+00 4.522855804195811125e-01 5.359797292707292371e+01
5.369999999999913065e+00 1.789943329670328209e-01 5.391930349650368726e+01
5.430000000000017479e+00 1.048912883116885630e-01 5.411183086913086981e+01
5.489999999999866098e+00 2.173791563436563989e-01 5.451970359640363029e+01
5.550000000000102851e+00 5.793490989010986469e-01 5.563062777222780397e+01
5.609999999999941700e+00 1.222210584415584167e+00 5.802521488511479220e+01
5.670000000000056772e+00 1.986172997002995322e+00 6.200025914085910017e+01
5.729999999999886739e+00 2.438102287712288430e+00 6.698359110889114731e+01
5.789999999999968061e+00 2.266238861138861971e+00 7.171315734265729702e+01
5.850000000000064482e+00 1.584287192807191991e+00 7.508839300699305852e+01
5.909999999999917542e+00 8.473847992008002317e-01 7.693092007991992887e+01
5.970000000000019291e+00 3.528084285714284674e-01 7.771371298701306785e+01
