3.000000000000038053e-02 0.000000000000000000e+00 0.000000000000000000e+00
9.000000000000214773e-02 0.000000000000000000e+00 0.000000000000000000e+00
1.500000000000028255e-01 0.000000000000000000e+00 0.000000000000000000e+00
2.100000000000014355e-01 0.000000000000000000e+00 0.000000000000000000e+00
2.700000000000032929e-01 0.000000000000000000e+00 0.000000000000000000e+00
3.300000000000006817e-01 0.000000000000000000e+00 0.000000000000000000e+00
3.899999999999910205e-01 0.000000000000000000e+00 0.000000000000000000e+00
4.499999999999924616e-01 0.000000000000000000e+00 0.000000000000000000e+00
5.099999999999937916e-01 0.000000000000000000e+00 0.000000000000000000e+00
5.699999999999998401e-01 0.000000000000000000e+00 0.000000000000000000e+00
6.299999999999961187e-01 0.000000000000000000e+00 0.000000000000000000e+00
6.900000000000124922e-01 0.000000000000000000e+00 0.000000000000000000e+00
7.500000000000000000e-01 0.000000000000000000e+00 0.000000000000000000e+00
8.099999999999811795e-01 0.000000000000000000e+00 0.000000000000000000e+00
8.700000000000041034e-01 0.000000000000000000e+00 0.000000000000000000e+00
9.299999999999807310e-01 0.000000000000000000e+00 0.000000000000000000e+00
9.900000000000076517e-01 0.000000000000000000e+00 0.000000000000000000e+00
1.049999999999980727e+00 0.000000000000000000e+00 0.000000000000000000e+00
1.110000000000002984e+00 0.000000000000000000e+00 0.000000000000000000e+00
1.169999999999993490e+00 0.000000000000000000e+00 0.000000000000000000e+00
1.230000000000013527e+00 0.000000000000000000e+00 0.000000000000000000e+00
1.289999999999981606e+00 0.000000000000000000e+00 0.000000000000000000e+00
1.349999999999990097e+00 0.000000000000000000e+00 0.000000000000000000e+00
1.410000000000014797e+00 0.000000000000000000e+00 0.000000000000000000e+00
1.470000000000022178e+00 0.000000000000000000e+00 0.000000000000000000e+00
1.529999999999977378e+00 0.000000000000000000e+00 0.000000000000000000e+00
1.589999999999977431e+00 0.000000000000000000e+00 0.000000000000000000e+00
1.650000000000024558e+00 0.000000000000000000e+00 0.000000000000000000e+00
1.710000000000022835e+00 0.000000000000000000e+00 0.000000000000000000e+00
1.769999999999985141e+00 0.000000000000000000e+00 0.000000000000000000e+00
1.829999999999977867e+00 0.000000000000000000e+00 0.000000000000000000e+00
1.890000000000039648e+00 0.000000000000000000e+00 0.000000000000000000e+00
1.950000000000031486e+00 0.000000000000000000e+00 0.000000000000000000e+00
2.009999999999991793e+00 0.000000000000000000e+00 0.000000000000000000e+00
2.069999999999981188e+00 0.000000000000000000e+00 0.000000000000000000e+00
2.130000000000054516e+00 0.000000000000000000e+00 0.000000000000000000e+00
2.190000000000041247e+00 1.858759240759240753e-04 5.550000000000000056e-05
2.250000000000000000e+00 4.989371828171824778e-03 1.628000000000002709e-03
2.309999999999958309e+00 1.017436940059942979e-01 3.542753166833183254e-02
2.369999999999939710e+00 7.379202257742247806e-01 2.934657470529478673e-01
2.429999999999991722e+00 2.732641828171822773e+00 1.298016691308692572e+00
2.489999999999967795e+00 5.666590359640357732e+00 3.485255444555442228e+00
2.550000000000010036e+00 7.354790629370615562e+00 6.462574385614380468e+00
2.609999999999992770e+00 6.344643246753238763e+00 9.153254205794207010e+00
2.670000000000037677e+00 3.833450239760232137e+00 1.085457232767232227e+01
2.730000000000015969e+00 1.694067134865137936e+00 1.164058071928072202e+01
2.789999999999972058e+00 5.642438571428605165e-01 1.191401188811188483e+01
2.849999999999947686e+00 1.377818918081914479e-01 1.198369270729265423e+01
2.909999999999981490e+00 2.635456233766232670e-02 1.199757892107890811e+01
2.969999999999954010e+00 3.874247752247757075e-03 1.199970429570429431e+01
3.030000000000049099e+00 4.207857142857142525e-04 1.199994455544455541e+01
3.090000000000025615e+00 1.244935064935064940e-04 1.200001848151848094e+01
3.150000000000055866e+00 3.294395604395604295e-04 1.200022177822177838e+01
3.210000000000029274e+00 2.480236563436563277e-03 1.200181118881119602e+01
3.269999999999983586e+00 1.300637102897097760e-02 1.201046253746257975e+01
3.329999999999955218e+00 5.131994005994031105e-02 1.204589750249750146e+01
3.389999999999976144e+00 1.725034433566429437e-01 1.216930699300702656e+01
3.449999999999944666e+00 4.482096103896133221e-01 1.250142317682318094e+01
3.510000000000085940e+00 8.679886853146842052e-01 1.316714495504496441e+01
3.570000000000058016e+00 1.319641326673324011e+00 1.421417392607392927e+01
3.630000000000076721e+00 1.517962754245751222e+00 1.545937412587412219e+01
3.690000000000046576e+00 1.337155135864128042e+00 1.659281448551448790e+01
3.750000000000000000e+00 8.909146123876124923e-01 1.737275904095902845e+01
3.809999999999952980e+00 4.487853986013981555e-01 1.777831798201799529e+01
3.869999999999921059e+00 1.719908847152842590e-01 1.793867202797204286e+01
3.929999999999932658e+00 5.044947812187829117e-02 1.798718831168832466e+01
3.989999999999898073e+00 1.123725314685321969e-02 1.799831818181817411e+01
4.050000000000073541e+00 6.612911688311724420e-03 1.800506443556441027e+01
4.110000000000039400e+00 3.252841558441582626e-02 1.803927102897102586e+01
4.170000000000049667e+00 1.616697084915086069e-01 1.821428161838167270e+01
4.230000000000002203e+00 5.792700329670326109e-01 1.885953016983017605e+01
4.289999999999968949e+00 1.502314600399598854e+00 2.058075214785217000e+01
4.349999999999961453e+00 2.876975854145850775e+00 2.396978871128871091e+01
4.409999999999938858e+00 4.018292067932073941e+00 2.883475814185817399e+01
4.469999999999941132e+00 4.143949350649353214e+00 3.398930559440562860e+01
4.530000000000055316e+00 3.199145664335660832e+00 3.807618231768233130e+01
4.590000000000064695e+00 1.833055724275724163e+00 4.048033516483518213e+01
4.650000000000012790e+00 7.867891248751246458e-01 4.153940489510488732e+01
4.710000000000031051e+00 2.561015638361635038e-01 4.189309070929074608e+01
4.770000000000047535e+00 6.659779260739284723e-02 4.198742507492536191e+01
4.829999999999947669e+00 3.580787082917068903e-02 4.203942137862100026e+01
4.890000000000018332e+00 1.164733647352654694e-01 4.221280309690295240e+01
4.949999999999906031e+00 3.671008801198801241e-01 4.277276453546453183e+01
5.010000000000125908e+00 8.257762407592428300e-01 4.406308381618381276e+01
5.070000000000001172e+00 1.340027472527471009e+00 4.620740339660333973e+01
5.130000000000086047e+00 1.604144705294706652e+00 4.883548181818188993e+01
5.189999999999952429e+00 1.411698864135864984e+00 5.120268501498498637e+01
5.250000000000000000e+00 9.228637012986995458e-01 5.278617722277726898e+01
5.310000000000054676e+00 4.610861498501500622e-01 5.359551408591406130e+01
5.369999999999913065e+00 1.815294685314687018e-01 5.392139380619398992e+01
5.430000000000017479e+00 1.085398632367632343e-01 5.412061868131855391e+01
5.489999999999866098e+00 2.265487837162833418e-01 5.454569520479519440e+01
5.550000000000102851e+00 5.933769750249743291e-01 5.568351938061930184e+01
5.609999999999941700e+00 1.240349774225775858e+00 5.811364585414591488e+01
5.670000000000056772e+00 1.973028441558436707e+00 6.206238211788212311e+01
5.729999999999886739e+00 2.403771158841157440e+00 6.697554365634356088e+01
5.789999999999968061e+00 2.227146213786214357e+00 7.162352397602387555e+01
5.850000000000064482e+00 1.588273166833166217e+00 7.500725174825164743e+01
5.909999999999917542e+00 8.624188021978025365e-01 7.688246953046952115e+01
5.970000000000019291e+00 3.683922447552450685e-01 7.769983776223783423e+01
