3.000000000000038053e-02 0.000000000000000000e+00 0.000000000000000000e+00 0.000000000000000000e+00 0.000000000000000000e+00 0.000000000000000000e+00 0.000000000000000000e+00
9.000000000000214773e-02 0.000000000000000000e+00 0.000000000000000000e+00 0.000000000000000000e+00 0.000000000000000000e+00 0.000000000000000000e+00 0.000000000000000000e+00
1.500000000000028255e-01 0.000000000000000000e+00 0.000000000000000000e+00 0.000000000000000000e+00 0.000000000000000000e+00 0.000000000000000000e+00 0.000000000000000000e+00
2.100000000000014355e-01 0.000000000000000000e+00 0.000000000000000000e+00 0.000000000000000000e+00 0.000000000000000000e+00 0.000000000000000000e+00 0.000000000000000000e+00
2.700000000000032929e-01 0.000000000000000000e+00 0.000000000000000000e+00 0.000000000000000000e+00 0.000000000000000000e+00 0.000000000000000000e+00 0.000000000000000000e+00
3.300000000000006817e-01 0.000000000000000000e+00 0.000000000000000000e+00 0.000000000000000000e+00 0.000000000000000000e+00 0.000000000000000000e+00 0.000000000000000000e+00
3.899999999999910205e-01 0.000000000000000000e+00 0.000000000000000000e+00 0.000000000000000000e+00 0.000000000000000000e+00 0.000000000000000000e+00 0.000000000000000000e+00
4.499999999999924616e-01 0.000000000000000000e+00 0.000000000000000000e+00 0.000000000000000000e+00 0.000000000000000000e+00 0.000000000000000000e+00 0.000000000000000000e+00
5.099999999999937916e-01 0.000000000000000000e+00 0.000000000000000000e+00 0.000000000000000000e+00 0.000000000000000000e+00 0.000000000000000000e+00 0.000000000000000000e+00
5.699999999999998401e-01 0.000000000000000000e+00 0.000000000000000000e+00 0.000000000000000000e+00 0.000000000000000000e+00 0.000000000000000000e+00 0.000000000000000000e+00
6.299999999999961187e-01 0.000000000000000000e+00 0.000000000000000000e+00 0.000000000000000000e+00 0.000000000000000000e+00 0.000000000000000000e+00 0.000000000000000000e+00
6.900000000000124922e-01 0.000000000000000000e+00 0.000000000000000000e+00 0.000000000000000000e+00 0.000000000000000000e+00 0.000000000000000000e+00 0.000000000000000000e+00
7.500000000000000000e-01 0.000000000000000000e+00 0.000000000000000000e+00 0.000000000000000000e+00 0.000000000000000000e+00 0.000000000000000000e+00 0.000000000000000000e+00
8.099999999999811795e-01 0.000000000000000000e+00 0.000000000000000000e+00 0.000000000000000000e+00 0.000000000000000000e+00 0.000000000000000000e+00 0.000000000000000000e+00
8.700000000000041034e-01 0.000000000000000000e+00 0.000000000000000000e+00 2.305398501498498454e-02 8.741258741258741251e-04 0.000000000000000000e+00 0.000000000000000000e+00
9.299999999999807310e-01 0.000000000000000000e+00 0.000000000000000000e+00 1.064870654345654444e+01 4.622252747252747485e-01 0.000000000000000000e+00 0.000000000000000000e+00
9.900000000000076517e-01 0.000000000000000000e+00 0.000000000000000000e+00 2.824675504495504441e+01 1.848947762237761250e+00 0.000000000000000000e+00 0.000000000000000000e+00
1.049999999999980727e+00 0.000000000000000000e+00 0.000000000000000000e+00 2.713863156843166813e+00 1.998814025974028574e+00 0.000000000000000000e+00 0.000000000000000000e+00
1.110000000000002984e+00 0.000000000000000000e+00 0.000000000000000000e+00 1.922337162837162508e-02 2.000000000000000000e+00 0.000000000000000000e+00 0.000000000000000000e+00
1.169999999999993490e+00 0.000000000000000000e+00 0.000000000000000000e+00 0.000000000000000000e+00 2.000000000000000000e+00 0.000000000000000000e+00 0.000000000000000000e+00
1.230000000000013527e+00 0.000000000000000000e+00 0.000000000000000000e+00 0.000000000000000000e+00 2.000000000000000000e+00 0.000000000000000000e+00 0.000000000000000000e+00
1.289999999999981606e+00 0.000000000000000000e+00 0.000000000000000000e+00 1.872887112887112798e-04 2.000015604395604107e+00 1.887632367632367781e-04 1.560939060939060938e-05
1.349999999999990097e+00 0.000000000000000000e+00 0.000000000000000000e+00 1.197090909090909152e-03 2.000124835164834636e+00 1.085865734265735461e-02 9.990009990009990001e-04
1.410000000000014797e+00 0.000000000000000000e+00 0.000000000000000000e+00 7.368201798201789825e-03 2.000858251748248939e+00 2.061965184815199303e-01 2.136925574425574403e-02
1.470000000000022178e+00 0.000000000000000000e+00 0.000000000000000000e+00 5.307876123876123509e-02 2.006601378621366116e+00 1.349339470529473006e+00 1.662556193806193905e-01
1.529999999999977378e+00 0.000000000000000000e+00 0.000000000000000000e+00 1.729573406593415408e-01 2.026878441558434218e+00 3.087823846153840979e+00 5.254276973026973385e-01
1.589999999999977431e+00 0.000000000000000000e+00 0.000000000000000000e+00 4.533315794205780569e-01 2.084274895104893499e+00 2.647218851148851915e+00 8.579701548451548199e-01
1.650000000000024558e+00 0.000000000000000000e+00 0.000000000000000000e+00 8.371210799200711206e-01 2.198410919080918458e+00 9.085614905094968607e-01 9.808784665334666641e-01
1.710000000000022835e+00 0.000000000000000000e+00 0.000000000000000000e+00 1.212394144855146960e+00 2.375952217782218767e+00 1.310681208791204533e-01 9.999215584415592772e-01
1.769999999999985141e+00 0.000000000000000000e+00 0.000000000000000000e+00 1.403705549450545931e+00 2.596184975024975028e+00 3.860537862137861792e-02 1.005930364635367225e+00
1.829999999999977867e+00 0.000000000000000000e+00 0.000000000000000000e+00 1.370324785214787289e+00 2.826002097902094778e+00 8.020465974025954570e-02 1.019276173826176857e+00
1.890000000000039648e+00 0.000000000000000000e+00 0.000000000000000000e+00 1.207135083916087037e+00 3.041942587412585386e+00 1.570708931068931502e-01 1.047155674325674246e+00
1.950000000000031486e+00 0.000000000000000000e+00 0.000000000000000000e+00 9.656279550449597959e-01 3.225821018981021471e+00 3.094018958041965806e-01 1.105613126873126628e+00
2.009999999999991793e+00 0.000000000000000000e+00 0.000000000000000000e+00 7.736742487512509037e-01 3.382352097902097121e+00 5.314043130869143816e-01 1.212287642357642525e+00
2.069999999999981188e+00 0.000000000000000000e+00 0.000000000000000000e+00 5.967915921078928987e-01 3.510411488511493872e+00 7.929207073926074489e-01 1.381103226773225279e+00
2.130000000000054516e+00 0.000000000000000000e+00 0.000000000000000000e+00 4.394290365634370144e-01 3.610249090909092740e+00 1.064498294705301218e+00 1.621066483516483858e+00
2.190000000000041247e+00 0.000000000000000000e+00 0.000000000000000000e+00 3.309989494505481966e-01 3.689747892107887672e+00 1.268132075924074620e+00 1.923264075924075334e+00
2.250000000000000000e+00 0.000000000000000000e+00 0.000000000000000000e+00 2.627240835164857957e-01 3.756352957042957019e+00 1.434113504495504010e+00 2.283997232767232433e+00
2.309999999999958309e+00 2.373666333666333682e-04 3.121878121878121875e-05 2.137382145854156701e-01 3.813467672327672364e+00 1.472093556443549112e+00 2.674294515484517909e+00
2.369999999999939710e+00 3.608007992007991258e-03 5.307192807192807459e-04 1.842410337662331032e-01 3.865290939060940456e+00 1.460421365634366975e+00 3.081871178821175228e+00
2.429999999999991722e+00 3.646543456543459988e-02 5.837912087912087988e-03 1.684986565434576367e-01 3.915116183816182538e+00 1.366052151848151430e+00 3.482658001997994024e+00
2.489999999999967795e+00 1.928501618381620319e-01 3.530844155844155979e-02 1.608284434565444565e-01 3.965050609390611047e+00 1.249229067932068560e+00 3.867491978021978305e+00
2.550000000000010036e+00 6.486516333666312306e-01 1.392669830169830092e-01 1.637995670329669418e-01 4.018387962037965444e+00 1.134125787212791892e+00 4.233906713286715195e+00
2.609999999999992770e+00 1.493823715284712250e+00 3.900786713286713558e-01 1.949751923076915028e-01 4.084899310689316110e+00 9.924678301698280913e-01 4.569820709290709715e+00
2.670000000000037677e+00 2.341403585414579158e+00 8.014797702297702386e-01 2.473508171828142088e-01 4.173201578421579683e+00 8.767091448551486144e-01 4.880354125874126758e+00
2.730000000000015969e+00 2.799949770229770873e+00 1.315809190809190898e+00 3.185313968031958098e-01 4.292082927072927490e+00 7.810585954045953239e-01 5.169580599400596554e+00
2.789999999999972058e+00 2.799119953046944165e+00 1.852834665334665232e+00 4.377666134865149106e-01 4.462724835164835646e+00 7.242972457542470321e-01 5.449706623376627590e+00
2.849999999999947686e+00 2.453271341658330051e+00 2.343968531468531680e+00 6.084552577422580599e-01 4.710211738261739889e+00 6.826739150849160387e-01 5.725212307692303604e+00
2.909999999999981490e+00 1.977114852147858759e+00 2.756618381618381797e+00 8.195396093906106572e-01 5.057739120879121586e+00 6.820449520479546779e-01 6.012175214785215438e+00
2.969999999999954010e+00 1.600656070929081354e+00 3.104614135864135704e+00 1.043492542457543415e+00 5.518668831168834998e+00 6.731803866133887482e-01 6.307208431568433582e+00
3.030000000000049099e+00 1.265688259740264110e+00 3.391015234765234698e+00 1.260240132867130880e+00 6.098058241758244513e+00 6.983536473526472665e-01 6.625764835164835276e+00
3.090000000000025615e+00 1.045884313686296530e+00 3.637144105894106083e+00 1.449507643356641173e+00 6.791115274725273210e+00 7.255579440559434268e-01 6.969967502497502743e+00
3.150000000000055866e+00 8.986813146853156464e-01 3.856924325674325527e+00 1.571838350649348959e+00 7.572131058941058868e+00 7.612526933066953161e-01 7.345264065934067332e+00
3.210000000000029274e+00 8.272935534465507557e-01 4.067026723276723210e+00 1.619266577422577402e+00 8.407654885114883569e+00 8.098338181818184323e-01 7.759865194805192878e+00
3.269999999999983586e+00 7.732859690309727974e-01 4.270822927072926767e+00 1.615078851148836758e+00 9.272461828171824294e+00 8.597762387612388757e-01 8.216642517482522834e+00
3.329999999999955218e+00 7.430444365634374382e-01 4.473901098901098550e+00 1.547902429570425786e+00 1.013199154845154482e+01 9.039263796203768075e-01 8.714660499500499924e+00
3.389999999999976144e+00 7.540085814185817359e-01 4.687468781218781189e+00 1.472303402597405553e+00 1.097927102897101648e+01 9.524223076923059583e-01 9.258476053946049333e+00
3.449999999999944666e+00 7.685565254745250208e-01 4.912930819180819420e+00 1.384638859140855160e+00 1.180455444555443911e+01 1.010936547452547796e+00 9.856314215784207633e+00
3.510000000000085940e+00 7.834257282717239645e-01 5.150817932067932148e+00 1.287609584415580599e+00 1.259893316683314701e+01 1.055722543456544260e+00 1.050254349650351493e+01
3.570000000000058016e+00 8.222123010988976466e-01 5.409090909090909172e+00 1.211479062937061535e+00 1.337211168831170305e+01 1.099294276723278063e+00 1.119864465534464593e+01
3.630000000000076721e+00 8.310154564435530133e-01 5.678977272727272485e+00 1.133342716283716189e+00 1.411994465534466414e+01 1.149755665334663668e+00 1.195137632367633174e+01
3.690000000000046576e+00 8.518408011988086725e-01 5.964847652347652129e+00 1.089714696303698327e+00 1.486294915084913981e+01 1.172222883116883496e+00 1.274439510489509608e+01
3.750000000000000000e+00 8.774033336663284999e-01 6.268949800199799860e+00 1.056542242757241956e+00 1.560695734265732959e+01 1.187557817182815167e+00 1.357412897102896032e+01
3.809999999999952980e+00 9.437027412587415398e-01 6.606580919080919045e+00 1.035746674325674910e+00 1.635984265734267851e+01 1.185230247752246058e+00 1.442894545454548094e+01
3.869999999999921059e+00 9.787746643356634024e-01 6.967875874125874169e+00 1.010249120879119555e+00 1.711750669330668373e+01 1.162588635364638412e+00 1.529404895104895346e+01
3.929999999999932658e+00 9.891386513486527532e-01 7.344405594405594151e+00 1.004643602397599311e+00 1.789451098901097836e+01 1.146583724275723748e+00 1.617390289710288087e+01
3.989999999999898073e+00 1.040769681318682638e+00 7.752778471528471549e+00 9.999735614385614202e-01 1.869169970029969008e+01 1.123312195804192282e+00 1.706242277722278899e+01
4.050000000000073541e+00 1.067459922077924395e+00 8.184315684315684791e+00 9.876302537462541276e-01 1.950290269730269799e+01 1.091942872127873665e+00 1.795229720279719743e+01
4.110000000000039400e+00 1.079563675324672678e+00 8.633772477522477118e+00 9.794149310689278520e-01 2.033137132867134511e+01 1.076177682317684292e+00 1.885550259740259449e+01
4.170000000000049667e+00 1.119378629370628486e+00 9.113511488511488068e+00 9.734829800199801264e-01 2.117903956043953428e+01 1.063915087912090884e+00 1.977467792207790964e+01
4.230000000000002203e+00 1.128553442557438391e+00 9.611200999000999445e+00 9.676123756243782958e-01 2.204601558441559206e+01 1.057089929070926582e+00 2.071442707292708008e+01
4.289999999999968949e+00 1.142494231768238278e+00 1.012943146853146992e+01 9.631956313686310667e-01 2.293369110889108597e+01 1.063576420579420923e+00 2.168695554445552887e+01
4.349999999999961453e+00 1.165684101898107672e+00 1.067307762237761537e+01 9.548134925074931445e-01 2.383842777222778508e+01 1.064026219780219940e+00 2.268729610389612716e+01
4.409999999999938858e+00 1.193904906093909979e+00 1.124535014985015380e+01 9.472175794205804911e-01 2.476089390609388374e+01 1.063976672327673123e+00 2.371537792207794126e+01
4.469999999999941132e+00 1.193385807192807624e+00 1.183304215784216851e+01 9.526934255744260449e-01 2.571411448551446810e+01 1.067508912087912210e+00 2.477513236763237359e+01
4.530000000000055316e+00 1.216301841158845543e+00 1.244820889110889617e+01 9.527488671328679937e-01 2.669314905094902457e+01 1.070282245754248684e+00 2.586635214785216519e+01
4.590000000000064695e+00 1.196434388611383515e+00 1.306946123876124766e+01 9.523428021978020963e-01 2.769786553446549249e+01 1.067194076923080770e+00 2.698343866133865276e+01
4.650000000000012790e+00 1.193468640359638400e+00 1.370548081918080285e+01 9.671808941058934739e-01 2.874508251748254750e+01 1.066014949050937188e+00 2.812865404595403263e+01
4.710000000000031051e+00 1.198083356643358410e+00 1.436054645354645132e+01 9.685931248751260547e-01 2.982106933066935639e+01 1.055753649350648082e+00 2.929230219780221134e+01
4.770000000000047535e+00 1.169581492507494325e+00 1.501642097902097461e+01 9.857405044955034334e-01 3.094418141858139037e+01 1.051978696303696115e+00 3.048151988011991520e+01
4.829999999999947669e+00 1.141195509490500637e+00 1.567257742257742414e+01 9.906114295704295802e-01 3.210141388611393864e+01 1.031984993006992646e+00 3.167766593406593145e+01
4.890000000000018332e+00 1.120351939060940660e+00 1.633285474525474257e+01 1.006993416583417567e+00 3.330719360639361071e+01 1.026760350649352560e+00 3.289750869130870115e+01
4.949999999999906031e+00 1.090152633366635815e+00 1.699119640359637629e+01 1.014254529470528077e+00 3.455165094905091649e+01 1.008752059940061674e+00 3.412554575424577052e+01
5.010000000000125908e+00 1.070253694305689951e+00 1.765328461538462435e+01 1.027364091908089971e+00 3.584293776223778849e+01 1.010382256743257656e+00 3.538556653346649483e+01
5.070000000000001172e+00 1.036054450549450889e+00 1.830965994005993736e+01 1.041633556443555930e+00 3.718370569430566519e+01 9.979519630369628747e-01 3.666007352647355333e+01
5.130000000000086047e+00 9.956939400599309486e-01 1.895548351648352892e+01 1.054627526473526977e+00 3.857351988011985355e+01 9.900483896103914327e-01 3.795459330669330456e+01
5.189999999999952429e+00 9.700296763236702091e-01 1.959946323676323843e+01 1.060542123876127008e+00 4.000401308691306923e+01 9.799574515484523740e-01 3.926606243756238968e+01
5.250000000000000000e+00 9.348872857142839221e-01 2.023454625374622395e+01 1.063764048951046037e+00 4.147221488511483756e+01 9.709322507492521570e-01 4.059567072927069376e+01
5.310000000000054676e+00 9.191351268731304813e-01 2.087328391608389566e+01 1.055824214785212822e+00 4.296295854145856907e+01 9.730926093906109298e-01 4.195886763236757844e+01
5.369999999999913065e+00 8.981840719280692609e-01 2.151164335664335070e+01 1.056673112887114074e+00 4.448880809190806218e+01 9.725179450549460425e-01 4.335222687312688805e+01
5.430000000000017479e+00 8.962727272727157857e-01 2.216296193806192960e+01 1.045333956043951629e+00 4.603220239760240418e+01 9.725516323676309804e-01 4.477694205794205118e+01
5.489999999999866098e+00 8.875058561438510241e-01 2.282224025974027981e+01 1.039974886113883779e+00 4.760180529470535049e+01 9.694952797202814887e-01 4.622874025974027035e+01
5.550000000000102851e+00 8.679275924075925408e-01 2.348114395604397586e+01 1.024959814185816498e+00 4.918273996003997439e+01 9.698307072927088157e-01 4.771295904095907048e+01
5.609999999999941700e+00 8.800494135864117551e-01 2.416377242757246790e+01 1.014759242757244495e+00 5.078196773226773075e+01 9.791353606393636833e-01 4.924399070929069211e+01
5.670000000000056772e+00 8.667241548451550814e-01 2.485052517482517231e+01 9.990103516483509472e-01 5.239023516483516829e+01 9.824262847152842593e-01 5.081320189810188737e+01
5.729999999999886739e+00 8.771385474525501547e-01 2.556031428571429842e+01 9.947278941058955715e-01 5.402567752247751542e+01 9.905036203796244720e-01 5.242897772227782127e+01
5.789999999999968061e+00 9.014098851148883984e-01 2.630509990009991483e+01 9.735772087912081263e-01 5.566004215784214182e+01 9.903431358641403559e-01 5.407849950049946841e+01
5.850000000000064482e+00 9.083304985014989397e-01 2.707124185814187811e+01 9.629088741258761130e-01 5.731017362637364698e+01 9.965816303696274359e-01 5.577299270729272962e+01
5.909999999999917542e+00 9.264283006993030423e-01 2.786875714285715588e+01 9.507035524475520027e-01 5.897297852147850250e+01 9.953741198801185908e-01 5.750032957042959936e+01
5.970000000000019291e+00 9.451464415584411860e-01 2.869898871128869899e+01 9.416605854145855270e-01 6.065358011988013942e+01 9.989505074925079109e-01 5.926924545454544102e+01
