3.000000000000038053e-02 0.000000000000000000e+00 0.000000000000000000e+00 0.000000000000000000e+00 0.000000000000000000e+00 0.000000000000000000e+00 0.000000000000000000e+00
9.000000000000214773e-02 0.000000000000000000e+00 0.000000000000000000e+00 0.000000000000000000e+00 0.000000000000000000e+00 0.000000000000000000e+00 0.000000000000000000e+00
1.500000000000028255e-01 0.000000000000000000e+00 0.000000000000000000e+00 0.000000000000000000e+00 0.000000000000000000e+00 0.000000000000000000e+00 0.000000000000000000e+00
2.100000000000014355e-01 0.000000000000000000e+00 0.000000000000000000e+00 0.000000000000000000e+00 0.000000000000000000e+00 0.000000000000000000e+00 0.000000000000000000e+00
2.700000000000032929e-01 0.000000000000000000e+00 0.000000000000000000e+00 0.000000000000000000e+00 0.000000000000000000e+00 0.000000000000000000e+00 0.000000000000000000e+00
3.300000000000006817e-01 0.000000000000000000e+00 0.000000000000000000e+00 0.000000000000000000e+00 0.000000000000000000e+00 0.000000000000000000e+00 0.000000000000000000e+00
3.899999999999910205e-01 0.000000000000000000e+00 0.000000000000000000e+00 0.000000000000000000e+00 0.000000000000000000e+00 0.000000000000000000e+00 0.000000000000000000e+00
4.499999999999924616e-01 0.000000000000000000e+00 0.000000000000000000e+00 0.000000000000000000e+00 0.000000000000000000e+00 0.000000000000000000e+00 0.000000000000000000e+00
5.099999999999937916e-01 0.000000000000000000e+00 0.000000000000000000e+00 0.000000000000000000e+00 0.000000000000000000e+00 0.000000000000000000e+00 0.000000000000000000e+00
5.699999999999998401e-01 0.000000000000000000e+00 0.000000000000000000e+00 0.000000000000000000e+00 0.000000000000000000e+00 0.000000000000000000e+00 0.000000000000000000e+00
6.299999999999961187e-01 0.000000000000000000e+00 0.000000000000000000e+00 0.000000000000000000e+00 0.000000000000000000e+00 0.000000000000000000e+00 0.000000000000000000e+00
6.900000000000124922e-01 0.000000000000000000e+00 0.000000000000000000e+00 0.000000000000000000e+00 0.000000000000000000e+00 0.000000000000000000e+00 0.000000000000000000e+00
7.500000000000000000e-01 0.000000000000000000e+00 0.000000000000000000e+00 0.000000000000000000e+00 0.000000000000000000e+00 0.000000000000000000e+00 0.000000000000000000e+00
8.099999999999811795e-01 0.000000000000000000e+00 0.000000000000000000e+00 0.000000000000000000e+00 0.000000000000000000e+00 0.000000000000000000e+00 0.000000000000000000e+00
8.700000000000041034e-01 0.000000000000000000e+00 0.000000000000000000e+00 3.910944055944050313e-02 1.482892107892107986e-03 0.000000000000000000e+00 0.000000000000000000e+00
9.299999999999807310e-01 0.000000000000000000e+00 0.000000000000000000e+00 1.055935574425573265e+01 4.589629120879120672e-01 0.000000000000000000e+00 0.000000000000000000e+00
9.900000000000076517e-01 0.000000000000000000e+00 0.000000000000000000e+00 2.802450479520483029e+01 1.834774435564433981e+00 0.000000000000000000e+00 0.000000000000000000e+00
1.049999999999980727e+00 0.000000000000000000e+00 0.000000000000000000e+00 2.959498575424582612e+00 1.998205404595408297e+00 0.000000000000000000e+00 0.000000000000000000e+00
1.110000000000002984e+00 0.000000000000000000e+00 0.000000000000000000e+00 2.908800099900095415e-02 2.000000000000000000e+00 0.000000000000000000e+00 0.000000000000000000e+00
1.169999999999993490e+00 0.000000000000000000e+00 0.000000000000000000e+00 0.000000000000000000e+00 2.000000000000000000e+00 0.000000000000000000e+00 0.000000000000000000e+00
1.230000000000013527e+00 0.000000000000000000e+00 0.000000000000000000e+00 0.000000000000000000e+00 2.000000000000000000e+00 0.000000000000000000e+00 0.000000000000000000e+00
1.289999999999981606e+00 0.000000000000000000e+00 0.000000000000000000e+00 1.872887112887112798e-04 2.000015604395604107e+00 3.775264735264735562e-04 3.121878121878121875e-05
1.349999999999990097e+00 0.000000000000000000e+00 0.000000000000000000e+00 3.420259740259740046e-04 2.000046813186813210e+00 1.206517482517483961e-02 1.123876123876123984e-03
1.410000000000014797e+00 0.000000000000000000e+00 0.000000000000000000e+00 7.995282717282708312e-03 2.000842647352644388e+00 1.954521788211802391e-01 2.043269230769230796e-02
1.470000000000022178e+00 0.000000000000000000e+00 0.000000000000000000e+00 4.831898101898107756e-02 2.006070679320666628e+00 1.241328556443559439e+00 1.537212787212787202e-01
1.529999999999977378e+00 0.000000000000000000e+00 0.000000000000000000e+00 1.925298701298708559e-01 2.028642357642351346e+00 3.005965054945050063e+00 5.033716283716284101e-01
1.589999999999977431e+00 0.000000000000000000e+00 0.000000000000000000e+00 4.761399750249750151e-01 2.088926693306693227e+00 2.741655484515485242e+00 8.477772227772227831e-01
1.650000000000024558e+00 0.000000000000000000e+00 0.000000000000000000e+00 8.655137942057870015e-01 2.206933806193807968e+00 9.753706623376691143e-01 9.797233266733268442e-01
1.710000000000022835e+00 0.000000000000000000e+00 0.000000000000000000e+00 1.215378635364636972e+00 2.384911808191806593e+00 1.457864405594400115e-01 1.000904785214786541e+00
1.769999999999985141e+00 0.000000000000000000e+00 0.000000000000000000e+00 1.425294608391604267e+00 2.608531968031966741e+00 3.690072627372623093e-02 1.006648231768234814e+00
1.829999999999977867e+00 0.000000000000000000e+00 0.000000000000000000e+00 1.368463324675325943e+00 2.838037232767232965e+00 7.926659740259717202e-02 1.019838231768234627e+00
1.890000000000039648e+00 0.000000000000000000e+00 0.000000000000000000e+00 1.192824775224778477e+00 3.051417212787213895e+00 1.704386193806191607e-01 1.050090249750250448e+00
1.950000000000031486e+00 0.000000000000000000e+00 0.000000000000000000e+00 9.643983566433617094e-01 3.235061888111886219e+00 3.120456619380623797e-01 1.109047192807192550e+00
2.009999999999991793e+00 0.000000000000000000e+00 0.000000000000000000e+00 7.540006453546480580e-01 3.387612477522480514e+00 5.096318501498512399e-01 1.211351138861138654e+00
2.069999999999981188e+00 0.000000000000000000e+00 0.000000000000000000e+00 5.780236273726293561e-01 3.511644635364634670e+00 7.622743366633366602e-01 1.373642037962038209e+00
2.130000000000054516e+00 0.000000000000000000e+00 0.000000000000000000e+00 4.158636569430566032e-01 3.606128061938067120e+00 1.012287866133873004e+00 1.601835544455543436e+00
2.190000000000041247e+00 0.000000000000000000e+00 0.000000000000000000e+00 3.237849703296691861e-01 3.683894135864136832e+00 1.246516320679321943e+00 1.898882477522479961e+00
2.250000000000000000e+00 0.000000000000000000e+00 0.000000000000000000e+00 2.512102550449570870e-01 3.747580429570427363e+00 1.387633489510488038e+00 2.247924075924077059e+00
2.309999999999958309e+00 0.000000000000000000e+00 0.000000000000000000e+00 1.974990111888126343e-01 3.800355964035965872e+00 1.460495447552442982e+00 2.635146143856141876e+00
2.369999999999939710e+00 1.804003996003996279e-03 2.497502497502497500e-04 1.680367240759235437e-01 3.847621198801196574e+00 1.457009370629371858e+00 3.041770779220777765e+00
2.429999999999991722e+00 3.131737562437565681e-02 4.807692307692307959e-03 1.504979894105899496e-01 3.892123496503494540e+00 1.374298676323679302e+00 3.444976953046951618e+00
2.489999999999967795e+00 2.069462127872130908e-01 3.643231768231768031e-02 1.484609065934076044e-01 3.938217922077922761e+00 1.231747645354646092e+00 3.824425634365631765e+00
2.550000000000010036e+00 7.070886813186789688e-01 1.497564935064935043e-01 1.530617534465538165e-01 3.988058761238758354e+00 1.109727165834171414e+00 4.182957342657345201e+00
2.609999999999992770e+00 1.524689562437555379e+00 4.057504995004995174e-01 1.883860441558436460e-01 4.052322717282717868e+00 9.379557742257730313e-01 4.500421388611390405e+00
2.670000000000037677e+00 2.378892954045943586e+00 8.237387612387612190e-01 2.267564470529448151e-01 4.133272937062936414e+00 8.476235324675350791e-01 4.800652617382615617e+00
2.730000000000015969e+00 2.801649170829164426e+00 1.338380369630369549e+00 3.052313712287703651e-01 4.247190309690311416e+00 7.629748811188804547e-01 5.083182407592408580e+00
2.789999999999972058e+00 2.779593626373618509e+00 1.871659590409590512e+00 4.197065296703310633e-01 4.410792277722278776e+00 7.049649310689304338e-01 5.355831678321678169e+00
2.849999999999947686e+00 2.374988651348640900e+00 2.347121628371628521e+00 5.633248041958036634e-01 4.639922637362639435e+00 6.767948291708298925e-01 5.628964885114882577e+00
2.909999999999981490e+00 1.935382695304698641e+00 2.751061438561438699e+00 7.627417392607392932e-01 4.963364585414584695e+00 6.666484595404625901e-01 5.909449770229771026e+00
2.969999999999954010e+00 1.526417313686325494e+00 3.082917082917083107e+00 9.857147772227778937e-01 5.398772877122882896e+00 6.822981288711301717e-01 6.208479080919081738e+00
3.030000000000049099e+00 1.204431923076928257e+00 3.355457042957043168e+00 1.199431833166831218e+00 5.950206063936065881e+00 7.017071308691312792e-01 6.528565264735266993e+00
3.090000000000025615e+00 9.661561038960893022e-01 3.582823426573426673e+00 1.395999799200796199e+00 6.617679160839161412e+00 7.336522927072944844e-01 6.876607742257742295e+00
3.150000000000055866e+00 8.285995124875139561e-01 3.785464535464535540e+00 1.532821046953044553e+00 7.379307982017985879e+00 7.743924825174851589e-01 7.258382307692306412e+00
3.210000000000029274e+00 7.473915414585392547e-01 3.975274725274725363e+00 1.604685538461539940e+00 8.207308411588408958e+00 8.184623626373639382e-01 7.677400819180817848e+00
3.269999999999983586e+00 7.115699890109923320e-01 4.162805944055944174e+00 1.608636203796189879e+00 9.068665634365636663e+00 8.632725794205781122e-01 8.136035984015979494e+00
3.329999999999955218e+00 7.011232457542464491e-01 4.354426823176822836e+00 1.566820928071924968e+00 9.938702387612387668e+00 9.060512907092873602e-01 8.635224295704293951e+00
3.389999999999976144e+00 7.050713686313694328e-01 4.554133366633366542e+00 1.509490705294709079e+00 1.080737992007992077e+01 9.595848581418569001e-01 9.183129460539458222e+00
3.449999999999944666e+00 7.407812527472532604e-01 4.771447302697302995e+00 1.414468086913083011e+00 1.165044345654345292e+01 1.010778235764236976e+00 9.780875024975024701e+00
3.510000000000085940e+00 7.630690259740242620e-01 5.003153096903097286e+00 1.328243284715285855e+00 1.246988941058941514e+01 1.061893607392607297e+00 1.043088083916084052e+01
3.570000000000058016e+00 8.054162963036913814e-01 5.256150099900099626e+00 1.256286047952047236e+00 1.327166543456543657e+01 1.114676246753250721e+00 1.113672447552445632e+01
3.630000000000076721e+00 8.490872676323641954e-01 5.531905594405594151e+00 1.173345311688310799e+00 1.404589150849151302e+01 1.161795976023976440e+00 1.189733566433566736e+01
3.690000000000046576e+00 8.804929242757320029e-01 5.827391358641358821e+00 1.141476362637365849e+00 1.482419080919080301e+01 1.189966140859139321e+00 1.270235864135864468e+01
3.750000000000000000e+00 9.352303386613325387e-01 6.151535964035963922e+00 1.098525513486514837e+00 1.559776193806195010e+01 1.201856092907091167e+00 1.354208331668333187e+01
3.809999999999952980e+00 9.742432106893109678e-01 6.500093656343656434e+00 1.075752418581418901e+00 1.637972737262738221e+01 1.211959349650348683e+00 1.441617872127872246e+01
3.869999999999921059e+00 1.024360038961037223e+00 6.878215534465534908e+00 1.042946485514483657e+00 1.716191668331667586e+01 1.199948457542459046e+00 1.530908111888112444e+01
3.929999999999932658e+00 1.051139332667332837e+00 7.278346653346653206e+00 1.039135541458539702e+00 1.796559640359637200e+01 1.181245741258738935e+00 1.621553436563438666e+01
3.989999999999898073e+00 1.098294040959042928e+00 7.709290709290709032e+00 1.023822149850149632e+00 1.878179720279720399e+01 1.152933100899095509e+00 1.712748051948053885e+01
4.050000000000073541e+00 1.139123225774227643e+00 8.169798951048951707e+00 1.008401923076925222e+00 1.961006203796201675e+01 1.135920275724277229e+00 1.805319870129870452e+01
4.110000000000039400e+00 1.156948618381617333e+00 8.651473526473527187e+00 1.000580921078918495e+00 2.045643396603396980e+01 1.117336675324679396e+00 1.899094705294705321e+01
4.170000000000049667e+00 1.183698947052943540e+00 9.158778721278721946e+00 9.986692687312690442e-01 2.132603366633363606e+01 1.094701777222781391e+00 1.993671908091906175e+01
4.230000000000002203e+00 1.213573687312685667e+00 9.693961688311688363e+00 9.835703216783250324e-01 2.220730939060939235e+01 1.092839082917081761e+00 2.090824845154846301e+01
4.289999999999968949e+00 1.216687651348659527e+00 1.024584755244755563e+01 9.747639280719287980e-01 2.310564565434570383e+01 1.078291467532465298e+00 2.189422997002993299e+01
4.349999999999961453e+00 1.245275310689320403e+00 1.082660969030968978e+01 9.693430169830166143e-01 2.402415024975025659e+01 1.067961092907092624e+00 2.289827462537459368e+01
4.409999999999938858e+00 1.222366682317685305e+00 1.141252277722276709e+01 9.707789680319701686e-01 2.496956243756244120e+01 1.073556267732268532e+00 2.393561238761242649e+01
4.469999999999941132e+00 1.220645121878122241e+00 1.201364165834164410e+01 9.548150669330670581e-01 2.592490379620378960e+01 1.059725851148852538e+00 2.498763626373625613e+01
4.530000000000055316e+00 1.227597422577427322e+00 1.263452077922079475e+01 9.557565444555451428e-01 2.690703206793209290e+01 1.052476912087914940e+00 2.606070499500497917e+01
4.590000000000064695e+00 1.212727402597399751e+00 1.326423466533466389e+01 9.601846733266720113e-01 2.792001718281715483e+01 1.042916985014986420e+00 2.715237782217782936e+01
4.650000000000012790e+00 1.187903407592407312e+00 1.389728781218782139e+01 9.593816853146860391e-01 2.895879180819179766e+01 1.040863744255731360e+00 2.827057322677323725e+01
4.710000000000031051e+00 1.175758017982019288e+00 1.454014785214784489e+01 9.620450089910097535e-01 3.002750319680318114e+01 1.025305050949048669e+00 2.940066153846160191e+01
4.770000000000047535e+00 1.155496878121878401e+00 1.518812337662337875e+01 9.615322397602402704e-01 3.112303276723276468e+01 1.007876052947052958e+00 3.054002187812189462e+01
4.829999999999947669e+00 1.116925115884104924e+00 1.583032417582417395e+01 9.778910469530476268e-01 3.226540689310690624e+01 1.008202177822174805e+00 3.170860449550449189e+01
4.890000000000018332e+00 1.092117974025975213e+00 1.647396353646354328e+01 9.838674635364657028e-01 3.344349420579421661e+01 9.965020399600412748e-01 3.289249750249747706e+01
4.949999999999906031e+00 1.044919194805197460e+00 1.710498961038962662e+01 9.899812627372611695e-01 3.465817012987010060e+01 9.824411198801202838e-01 3.408850459540462907e+01
5.010000000000125908e+00 1.038309633366631290e+00 1.774731228771226910e+01 9.910134375624367609e-01 3.590377002997004752e+01 9.759986063936079148e-01 3.530564685314688944e+01
5.070000000000001172e+00 9.829335024975038859e-01 1.837003496503496791e+01 1.001918228771227382e+00 3.719341438561443169e+01 9.699505964035955996e-01 3.654439420579425502e+01
5.130000000000086047e+00 9.647453786213693316e-01 1.899578391608392636e+01 1.011014792207792334e+00 3.852575554445554928e+01 9.547597412587417454e-01 3.779276903096901918e+01
5.189999999999952429e+00 9.176909260739206653e-01 1.960502227772227712e+01 1.013569252747254623e+00 3.989288871128871961e+01 9.597325154845161022e-01 3.907717222777222332e+01
5.250000000000000000e+00 9.102547222777199742e-01 2.022337002997001321e+01 1.017677731268729291e+00 4.129748361638361587e+01 9.597387922077926792e-01 4.039145074925072976e+01
5.310000000000054676e+00 8.851279580419624260e-01 2.083847462537460515e+01 1.012276903096901437e+00 4.272674125874117124e+01 9.581727972027989093e-01 4.173374935064937574e+01
5.369999999999913065e+00 8.673484635364616668e-01 2.145491948051947162e+01 1.013790807192807897e+00 4.419066803196805182e+01 9.583436033966044043e-01 4.310679900099902540e+01
5.430000000000017479e+00 8.549452427572319380e-01 2.207620529470531068e+01 1.011672168831166729e+00 4.568436283716288671e+01 9.607773596403593741e-01 4.451426703296706933e+01
5.489999999999866098e+00 8.289215234765183737e-01 2.269196293706293943e+01 1.004345277722276331e+00 4.720018981018979787e+01 9.689322437562455370e-01 4.596522187812183091e+01
5.550000000000102851e+00 8.356054065934057640e-01 2.332633096903097325e+01 9.954396283716292482e-01 4.873559210789207441e+01 9.655162347652349597e-01 4.744283826173825247e+01
5.609999999999941700e+00 8.239848341658324582e-01 2.396547312687311759e+01 9.944449220779215670e-01 5.030280529470529416e+01 9.700712147852165179e-01 4.895969740259742764e+01
5.670000000000056772e+00 8.313821758241763948e-01 2.462421958041954895e+01 9.955780309690305252e-01 5.190554805194805255e+01 9.738460319680309896e-01 5.051520339660339687e+01
5.729999999999886739e+00 8.475096793206818857e-01 2.531003486513483480e+01 9.858888631368644129e-01 5.352645764235762016e+01 9.804084435564466293e-01 5.211451028971028165e+01
5.789999999999968061e+00 8.715229020979069485e-01 2.603012587412588275e+01 9.709921888111879840e-01 5.515648521478522781e+01 9.901368411588442608e-01 5.376368891108888448e+01
5.850000000000064482e+00 8.851235504495504891e-01 2.677669170829170042e+01 9.691118281718319460e-01 5.681724505494504029e+01 9.901094835164817587e-01 5.544717742257744675e+01
5.909999999999917542e+00 8.994108131868139289e-01 2.755095044955041317e+01 9.607972077922073417e-01 5.849770459540457779e+01 9.955180479520467918e-01 5.717476073926062696e+01
5.970000000000019291e+00 9.312858431568413753e-01 2.836900709290706857e+01 9.625637922077939779e-01 6.021561438561440127e+01 1.001092417582416516e+00 5.894747492507488573e+01
